.Random.seed <-
c(403L, 51L, -697173705L, -1514050896L, 1222840375L, -220429402L, 
455810079L, -1734150969L, 675065736L, -1971986358L, 336030636L, 
988524671L, 876718844L, 1025987046L, 152822001L, -380525681L, 
486208027L, 1519890305L, 2059893968L, 1579428259L, -352393767L, 
-430667567L, -1943051553L, -755173452L, 2031439411L, -1290971423L, 
-2140396204L, 1686672199L, 1620984341L, 26741420L, -977962417L, 
-1846444798L, -341146363L, -1876250904L, -546714039L, -511512251L, 
73366650L, 165378627L, -1242389329L, -1002694528L, -46648199L, 
-859604622L, -1519889177L, -1911007745L, 179274986L, 638659935L, 
-1146762188L, -1537135685L, -1138540376L, 145326816L, 337232973L, 
-147383491L, -1265666641L, 436918827L, 665914438L, 792635724L, 
724591726L, -384196988L, 1655520756L, 1110850468L, 1507019889L, 
1747640002L, 179722402L, -337631171L, 465782949L, -1899284759L, 
649765132L, -673026569L, 255691957L, 1703116821L, -234267477L, 
1263379613L, 567770111L, -1738858430L, -2060962607L, -11321543L, 
-309886813L, 1054430166L, -208096483L, -1347280509L, 1866615989L, 
1181856308L, -1586063574L, -16879134L, -805592861L, -1267983987L, 
366147319L, 884553627L, -1037141274L, -926827435L, -738387182L, 
1044056886L, 161829364L, 1184706231L, 1301478870L, -233851494L, 
1625888678L, -481163270L, -815890875L, -665848229L, 397687666L, 
-1745687961L, -117120062L, -920171883L, 2080870598L, 188808343L, 
523962765L, -697021213L, -1568697703L, -1765540441L, -217177171L, 
-989077722L, 2026473953L, 274245124L, 147642996L, 1573607655L, 
1967539427L, 389842553L, 1001263609L, -38622422L, 221236124L, 
1754171739L, 1812227752L, 1007301767L, 767326418L, -374977541L, 
-146755150L, -55096212L, 137602628L, -1883759593L, 2088017669L, 
-1716450161L, -74870181L, 1954292370L, 864226562L, -1380591786L, 
1100667765L, 746854115L, -320966171L, -715802109L, -67228257L, 
-27489938L, -1781494660L, 461701066L, 937607405L, 176706597L, 
-1394284975L, -1822362530L, -1044332L, -1409061089L, 670035783L, 
1076399400L, 521711604L, -1214104450L, -895326482L, 451128756L, 
-1045921421L, -142782013L, -946571154L, -424580091L, 2064631539L, 
1864112488L, 49590386L, -679496549L, -911529588L, 479131246L, 
-393358197L, 1309666411L, 1522769086L, 889318902L, -1614843003L, 
1063507446L, -722259692L, -1588397257L, 869215956L, -882995393L, 
-363981907L, -431453342L, 64331149L, 2003309554L, -1892843303L, 
-1531717863L, -583710584L, -150415325L, 1846652489L, -791526804L, 
1974862565L, 1511089386L, 2003243258L, -721707095L, -1305558900L, 
215303457L, -1353330634L, -1346975579L, 1812694057L, -1022492638L, 
-1904652450L, 1606965595L, -1932279412L, -910154602L, 1866079672L, 
1813068115L, 1581102340L, -868993788L, 1484492391L, 36929400L, 
1953707876L, -1767334951L, 640397425L, -504677815L, 699389980L, 
1350358470L, 1871219539L, -614927183L, 959266477L, -56096542L, 
698240947L, -1644767395L, 1721465127L, 1412463277L, 678764366L, 
-222343699L, 659383182L, 813686403L, -1123099115L, 490573904L, 
1990561094L, -912991438L, -676462047L, -1091362915L, 1346962954L, 
1353302091L, -4988854L, 1469437608L, 918094983L, 15129231L, 833885768L, 
1895484627L, 510321267L, -828171605L, 1576596900L, 1743718659L, 
1634177891L, -1722803103L, 108844862L, 2085423628L, 1250430064L, 
1126716162L, 322364373L, 294332779L, 260425968L, 1140008412L, 
-373775197L, 763603297L, 826968293L, 1370218555L, 1984209904L, 
-1764981031L, -341744552L, -2053739139L, -1784802874L, -673521508L, 
55958461L, 366766234L, -213012767L, 1718705857L, -734292410L, 
141814373L, 270673836L, 1802660743L, -1472803510L, 609407222L, 
1887539182L, -42721893L, 342253803L, 608851738L, 544251620L, 
1965743286L, 1493138926L, -1639513766L, 1094700769L, 1486767370L, 
1827247072L, -1756144010L, -843793260L, -60038277L, -973361100L, 
2004600747L, -318839445L, -1493883950L, -1394569699L, 1195312674L, 
-945269725L, -713223555L, -1100705587L, 1159925663L, -1785439277L, 
-1433090478L, -801772089L, 687370265L, -849603689L, 276076731L, 
-434793949L, -190256081L, 894539501L, 848647420L, 21727759L, 
1617249622L, 1641757458L, 872540288L, 1548253454L, -914123390L, 
-1348075028L, -1839124059L, -591675634L, 1426594634L, -1344355386L, 
-552924559L, -1659091533L, -2017031781L, -1360177570L, -1837543672L, 
578631549L, -1813422650L, 237916990L, 1588209634L, -1233803529L, 
1192913214L, -493455474L, 210251735L, 1843119345L, -1618439818L, 
1656251305L, -1716639371L, -647604070L, 1948541245L, -579154312L, 
958468443L, -132566828L, 1125775617L, 2071342055L, 880490337L, 
363106781L, 262437254L, 958663624L, -799586350L, 318165170L, 
-615070528L, -1445045008L, -184575840L, -395142848L, -359378017L, 
-650006295L, 769637400L, -224833103L, -1551809214L, 627203820L, 
815245110L, 553272348L, 1629339040L, -1309479716L, -1866012684L, 
755251950L, 947177396L, 1109505941L, 918985000L, 1160910400L, 
1273920501L, 1512614661L, -653916058L, -299944220L, -228211595L, 
738808234L, 445122481L, 566072309L, -1269694545L, 228515287L, 
734960213L, -1775945137L, -228621002L, 946515509L, -7690588L, 
-818395675L, -1224876533L, -331150399L, 897093568L, 1459886936L, 
1605292095L, -942987894L, -734909426L, -63279239L, 137244772L, 
1915352193L, -22728195L, 1754456023L, -796133422L, -2031839172L, 
2050905012L, 1884885981L, 408646846L, -1416893645L, -2059707060L, 
-848951729L, -1260966401L, 447553111L, 1288654975L, 1372555834L, 
861261622L, -1293963304L, 1918174898L, 419928538L, 234868055L, 
1896387187L, -189100981L, -1636847738L, 1184063174L, 1416212493L, 
277799357L, 1503062441L, -1471998165L, -1080451398L, 1580262757L, 
-636878474L, -290129056L, 869110884L, -665513762L, -1972769187L, 
-1076702608L, -542475218L, -1830743851L, -153954824L, 477626499L, 
1826713821L, 473652735L, 2021571008L, -1934710674L, -2103671924L, 
1051113295L, 1014005989L, -1806235207L, 1016768661L, -2083254932L, 
1658481312L, 827668163L, -2016919911L, -1160182210L, 663011866L, 
903528797L, 202924337L, 1007090119L, 231580783L, -774633112L, 
1736963469L, -1818250237L, -437010921L, -1399691274L, 1165898954L, 
-891491334L, 1247536643L, -1436847741L, 347317790L, 508308852L, 
-1136104154L, -777329621L, -1593803047L, 597701357L, -1114308977L, 
1408088247L, 1443823469L, 233821773L, -1578405530L, 1507998339L, 
-414060673L, 1936980199L, -1940383496L, -954848198L, 1409157701L, 
25434673L, 1274617315L, 1724705696L, 1288827709L, -949759213L, 
-1956626108L, -370332437L, -381094058L, 1852462359L, 1913154001L, 
-394155339L, 23212831L, 1985089755L, -1076214787L, 257769548L, 
-732983542L, -1269303146L, 118231757L, 1251571542L, 582760906L, 
1623589583L, -1944270962L, 1634197870L, 1104123939L, 1649889365L, 
943686509L, -1519544939L, -1928793948L, -406914973L, 1322163378L, 
-233624788L, 1454537727L, -1836179279L, 1815832280L, -1735959955L, 
114868845L, -81007682L, 1189051824L, 1910280813L, -1869766525L, 
-870502218L, -1541407081L, 38398776L, 1411074695L, -848591349L, 
1125201848L, 802187674L, -329654131L, -1015019970L, 665512749L, 
-200229513L, 53842455L, 1300356968L, -1865283646L, 1876389237L, 
1332870884L, 1614605836L, 553622077L, 17972853L, 1476628392L, 
-1807605907L, 320120050L, 351499247L, 367816635L, -960776577L, 
-1816913331L, -513563387L, 489717237L, -417558880L, 1782255169L, 
-456610934L, 600608379L, -5699930L, 2067705897L, 2003523499L, 
-1205929492L, 1128407180L, 1073657158L, 2103883314L, 1438705538L, 
448347660L, 1332096928L, -1831241980L, 997984513L, 1157363356L, 
1320568999L, -1773079017L, 941314189L, 1567003881L, 879803695L, 
-1298423712L, 1869300616L, -1802464682L, -1002307058L, -1116639836L, 
1042582858L, -1830490468L, -1754521205L, -1511611707L, 1924446736L, 
1163917656L, -1740584723L, -865136437L, -611159913L, -413128858L, 
1584158430L, 1305498602L, 1220013483L, 1647380597L, 785185819L, 
867588479L, 2083884728L, -546127977L, -24295094L, -1170288912L, 
-469434606L, -1121074731L, -1246354095L, -1790563304L, -1455190957L, 
